1 1 1.175000
1 2 -0.099999
1 3 -0.012500
1 4 -0.200000
1 5 -0.200000
1 6 -0.012500
1 7 -0.099999
1 8 1.175000

2 1 -0.099999
2 2 -0.025001
2 3 0.999999
2 4 0.662500
2 5 0.662500
2 6 0.999999
2 7 -0.025001
2 8 -0.099999

3 1 -0.012500
3 2 0.999999
3 3 0.525001
3 4 -0.450000
3 5 -0.450000
3 6 0.525001
3 7 0.999999
3 8 -0.012500

4 1 -0.200000
4 2 0.662500
4 3 -0.450000
4 4 -0.475001
4 5 -0.475001
4 6 -0.450000
4 7 0.662500
4 8 -0.200000

5 1 -0.200000
5 2 0.662500
5 3 -0.450000
5 4 -0.475001
5 5 -0.475001
5 6 -0.450000
5 7 0.662500
5 8 -0.200000

6 1 -0.012500
6 2 0.999999
6 3 0.525001
6 4 -0.450000
6 5 -0.450000
6 6 0.525001
6 7 0.999999
6 8 -0.012500

7 1 -0.099999
7 2 -0.025001
7 3 0.999999
7 4 0.662500
7 5 0.662500
7 6 0.999999
7 7 -0.025001
7 8 -0.099999

8 1 1.175000
8 2 -0.099999
8 3 -0.012500
8 4 -0.200000
8 5 -0.200000
8 6 -0.012500
8 7 -0.099999
8 8 1.175000

